[
    {
        "id": 20,
        "img_name": "IMG_20250219_183903",
        "width": 4076,
        "height": 3034,
        "position": [
            1.1071851479468588,
            0.08578946729244252,
            2.4589922431461124
        ],
        "rotation": [
            [
                -0.4452428287809239,
                -0.01407552936960438,
                0.8952992253387281
            ],
            [
                -0.03975575350741817,
                0.9992011711670612,
                -0.004061970141523385
            ],
            [
                -0.8945268601233943,
                -0.03740185839418443,
                -0.4454467392477389
            ]
        ],
        "fy": 2806.2931698826287,
        "fx": 2811.679136193571
    },
    {
        "id": 21,
        "img_name": "IMG_20250219_183904",
        "width": 4076,
        "height": 3034,
        "position": [
            0.6668157359375912,
            0.06455597340437537,
            2.5761698541802467
        ],
        "rotation": [
            [
                -0.30433680272280095,
                0.0020576606487713086,
                0.9525622691147904
            ],
            [
                -0.031612725562402036,
                0.9994250118139438,
                -0.012258929121845083
            ],
            [
                -0.9520397817796167,
                -0.03384393288837257,
                -0.3040967643952631
            ]
        ],
        "fy": 2806.2931698826287,
        "fx": 2811.679136193571
    },
    {
        "id": 22,
        "img_name": "IMG_20250219_183905",
        "width": 4076,
        "height": 3034,
        "position": [
            0.39193797604664754,
            0.05475705072601121,
            2.6131961469146288
        ],
        "rotation": [
            [
                -0.21702073993053259,
                0.00956980713196491,
                0.9761200834074985
            ],
            [
                -0.028261468099513756,
                0.9994711877472549,
                -0.01608211068086722
            ],
            [
                -0.9757578018447329,
                -0.031076738158122237,
                -0.21663551990517904
            ]
        ],
        "fy": 2806.2931698826287,
        "fx": 2811.679136193571
    },
    {
        "id": 23,
        "img_name": "IMG_20250219_183907",
        "width": 4076,
        "height": 3034,
        "position": [
            0.08052153968755095,
            0.04410043546862036,
            2.608766936100007
        ],
        "rotation": [
            [
                -0.11553052570433958,
                0.009668628774605096,
                0.9932568727414364
            ],
            [
                -0.024387713370729223,
                0.9996235808948365,
                -0.012567257279588073
            ],
            [
                -0.9930045000235528,
                -0.025675165756097518,
                -0.11525124205999182
            ]
        ],
        "fy": 2806.2931698826287,
        "fx": 2811.679136193571
    },
    {
        "id": 24,
        "img_name": "IMG_20250219_183908",
        "width": 4076,
        "height": 3034,
        "position": [
            -0.2298414377792873,
            0.02954865457845509,
            2.5769936764280494
        ],
        "rotation": [
            [
                -0.015413642904350882,
                0.012257777858974441,
                0.9998060644416882
            ],
            [
                -0.021165744898373754,
                0.999696796947995,
                -0.012582742738222952
            ],
            [
                -0.9996571566568782,
                -0.021355586011144085,
                -0.015149524441595785
            ]
        ],
        "fy": 2806.2931698826287,
        "fx": 2811.679136193571
    },
    {
        "id": 25,
        "img_name": "IMG_20250219_183910",
        "width": 4076,
        "height": 3034,
        "position": [
            -0.5758662470906171,
            0.01907079900367783,
            2.510999344524388
        ],
        "rotation": [
            [
                0.10073978622932517,
                0.01983456780720412,
                0.9947150774922292
            ],
            [
                -0.019637884388614073,
                0.9996461193900396,
                -0.017944065458366857
            ],
            [
                -0.9947189798969404,
                -0.01772641837304279,
                0.10109364532182308
            ]
        ],
        "fy": 2806.2931698826287,
        "fx": 2811.679136193571
    },
    {
        "id": 26,
        "img_name": "IMG_20250219_183913",
        "width": 4076,
        "height": 3034,
        "position": [
            -1.2647692749085844,
            -0.019655026309480714,
            2.240405867745559
        ],
        "rotation": [
            [
                0.34538915927065333,
                0.020294741481711672,
                0.9382400823491299
            ],
            [
                -0.006747430038302819,
                0.9997940010827241,
                -0.01914229836973639
            ],
            [
                -0.9384352939048008,
                0.00028083302564902574,
                0.345454946826098
            ]
        ],
        "fy": 2806.2931698826287,
        "fx": 2811.679136193571
    },
    {
        "id": 27,
        "img_name": "IMG_20250219_183911",
        "width": 4076,
        "height": 3034,
        "position": [
            -0.9938525690323345,
            -0.0069591380999558,
            2.3582043051498003
        ],
        "rotation": [
            [
                0.2544236268315523,
                0.013895370623872035,
                0.9669930386435595
            ],
            [
                -0.012601198941887347,
                0.9998595197440096,
                -0.011052174560036576
            ],
            [
                -0.9670107692756613,
                -0.009373337319427728,
                0.2545629836649276
            ]
        ],
        "fy": 2806.2931698826287,
        "fx": 2811.679136193571
    },
    {
        "id": 28,
        "img_name": "IMG_20250219_183919",
        "width": 4076,
        "height": 3034,
        "position": [
            1.9741654503001493,
            0.09818490351976228,
            1.5028776503004806
        ],
        "rotation": [
            [
                -0.9647007249174244,
                -0.011686368920179893,
                0.2630892246468068
            ],
            [
                -0.02489136846743053,
                0.9985887028546009,
                -0.046915054161584396
            ],
            [
                -0.26216966094423494,
                -0.05180763758971495,
                -0.9636301352530224
            ]
        ],
        "fy": 2806.2931698826287,
        "fx": 2811.679136193571
    },
    {
        "id": 29,
        "img_name": "IMG_20250219_183921",
        "width": 4076,
        "height": 3034,
        "position": [
            1.7075233193640922,
            0.11247094299741339,
            1.7655682551326743
        ],
        "rotation": [
            [
                -0.9182693782040705,
                -0.02045774066133264,
                0.39542740155399403
            ],
            [
                -0.038117314950084066,
                0.9985934451309744,
                -0.03685378735554406
            ],
            [
                -0.39411726599288455,
                -0.04891433520436742,
                -0.9177575760830357
            ]
        ],
        "fy": 2806.2931698826287,
        "fx": 2811.679136193571
    },
    {
        "id": 30,
        "img_name": "IMG_20250219_183922",
        "width": 4076,
        "height": 3034,
        "position": [
            1.462714504418154,
            0.10530637712847392,
            1.9445985445953837
        ],
        "rotation": [
            [
                -0.8674143369101229,
                -0.011650157496953112,
                0.4974501401679046
            ],
            [
                -0.03471228822724308,
                0.9987070368913694,
                -0.03713908331784062
            ],
            [
                -0.49637427931833916,
                -0.0494826059737853,
                -0.866697205797528
            ]
        ],
        "fy": 2806.2931698826287,
        "fx": 2811.679136193571
    },
    {
        "id": 31,
        "img_name": "IMG_20250219_183924",
        "width": 4076,
        "height": 3034,
        "position": [
            1.2508963675886975,
            0.10508455208538597,
            2.081381279790255
        ],
        "rotation": [
            [
                -0.8189696248688332,
                -0.0007544945312288921,
                0.573836374134827
            ],
            [
                -0.030232384931970682,
                0.9986670680214779,
                -0.041834078819906306
            ],
            [
                -0.573039925697615,
                -0.051609281988682296,
                -0.8179008042355044
            ]
        ],
        "fy": 2806.2931698826287,
        "fx": 2811.679136193571
    },
    {
        "id": 32,
        "img_name": "IMG_20250219_183927",
        "width": 4076,
        "height": 3034,
        "position": [
            0.776084120950745,
            0.0948402504806754,
            2.281217162929053
        ],
        "rotation": [
            [
                -0.6975460962567437,
                0.0050882139976602455,
                0.716521844520662
            ],
            [
                -0.029930256570382265,
                0.9988951356701185,
                -0.03623103195061867
            ],
            [
                -0.715914536336991,
                -0.04671849754529437,
                -0.6966231109061064
            ]
        ],
        "fy": 2806.2931698826287,
        "fx": 2811.679136193571
    },
    {
        "id": 33,
        "img_name": "IMG_20250219_183925",
        "width": 4076,
        "height": 3034,
        "position": [
            0.9902477124896699,
            0.10323930559568077,
            2.2080847729621116
        ],
        "rotation": [
            [
                -0.7554527644815314,
                0.00039710015537722937,
                0.6552029936963648
            ],
            [
                -0.032560378392657706,
                0.998741498892628,
                -0.03814760999897521
            ],
            [
                -0.6543935684251023,
                -0.05015237483084488,
                -0.7544890966095452
            ]
        ],
        "fy": 2806.2931698826287,
        "fx": 2811.679136193571
    },
    {
        "id": 34,
        "img_name": "IMG_20250219_183928",
        "width": 4076,
        "height": 3034,
        "position": [
            0.5339023191196473,
            0.09215467616999282,
            2.3334302192292626
        ],
        "rotation": [
            [
                -0.6279779370386906,
                0.002407381491422639,
                0.7782274186296607
            ],
            [
                -0.033642521745637796,
                0.998976412241055,
                -0.030237534895953044
            ],
            [
                -0.7775036278521308,
                -0.045170037639395935,
                -0.627254156125275
            ]
        ],
        "fy": 2806.2931698826287,
        "fx": 2811.679136193571
    },
    {
        "id": 35,
        "img_name": "IMG_20250219_183931",
        "width": 4076,
        "height": 3034,
        "position": [
            0.21233516460595261,
            0.08545498849710849,
            2.3755826792270063
        ],
        "rotation": [
            [
                -0.5328367499419784,
                0.006257616493759109,
                0.8461949185306463
            ],
            [
                -0.03233031996356557,
                0.9990920364133657,
                -0.027746228328318502
            ],
            [
                -0.8456002296134526,
                -0.042141962593248365,
                -0.532150642831958
            ]
        ],
        "fy": 2806.2931698826287,
        "fx": 2811.679136193571
    },
    {
        "id": 36,
        "img_name": "IMG_20250219_183932",
        "width": 4076,
        "height": 3034,
        "position": [
            -0.036675568428571934,
            0.07676693506639581,
            2.3730468723617517
        ],
        "rotation": [
            [
                -0.45673915232178297,
                0.00038671077438438145,
                0.889600582953471
            ],
            [
                -0.0325011124310762,
                0.9993250442648864,
                -0.017121144696698926
            ],
            [
                -0.8890067628691702,
                -0.036732905680870565,
                -0.4564183050811159
            ]
        ],
        "fy": 2806.2931698826287,
        "fx": 2811.679136193571
    },
    {
        "id": 37,
        "img_name": "IMG_20250219_183934",
        "width": 4076,
        "height": 3034,
        "position": [
            -0.34717659419407787,
            0.06344122706511772,
            2.3428857886929255
        ],
        "rotation": [
            [
                -0.3574237815219638,
                0.011092555008161115,
                0.933876434880938
            ],
            [
                -0.02604633625596591,
                0.9994221376089176,
                -0.021839854048572437
            ],
            [
                -0.9335790425937062,
                -0.03213014286636009,
                -0.3569283193432634
            ]
        ],
        "fy": 2806.2931698826287,
        "fx": 2811.679136193571
    },
    {
        "id": 38,
        "img_name": "IMG_20250219_183936",
        "width": 4076,
        "height": 3034,
        "position": [
            -0.6356919401830844,
            0.05187670615505221,
            2.2671065686423137
        ],
        "rotation": [
            [
                -0.2494065132951414,
                0.008075013579971037,
                0.9683652127589283
            ],
            [
                -0.02230485043897372,
                0.9996520544142431,
                -0.014080616189575405
            ],
            [
                -0.9681419755246935,
                -0.025111038629781975,
                -0.24913962142958745
            ]
        ],
        "fy": 2806.2931698826287,
        "fx": 2811.679136193571
    },
    {
        "id": 39,
        "img_name": "IMG_20250219_183939",
        "width": 4076,
        "height": 3034,
        "position": [
            -1.1588828855031061,
            0.04947322243605193,
            2.0694475380843516
        ],
        "rotation": [
            [
                -0.057628843487413206,
                0.018700928996356343,
                0.9981629083736666
            ],
            [
                -0.02186962405113757,
                0.999560968087836,
                -0.019989762859272564
            ],
            [
                -0.9980985101392373,
                -0.022981434463089687,
                -0.05719456029950376
            ]
        ],
        "fy": 2806.2931698826287,
        "fx": 2811.679136193571
    },
    {
        "id": 40,
        "img_name": "IMG_20250219_183941",
        "width": 4076,
        "height": 3034,
        "position": [
            -1.4813788182108856,
            0.048171374019569675,
            1.911226326791652
        ],
        "rotation": [
            [
                0.08501060489638125,
                0.014075151614764454,
                0.9962806267122596
            ],
            [
                -0.017504124376737998,
                0.9997670069318294,
                -0.012630814715411675
            ],
            [
                -0.9962262808644203,
                -0.016365266804814614,
                0.08523717121920571
            ]
        ],
        "fy": 2806.2931698826287,
        "fx": 2811.679136193571
    },
    {
        "id": 41,
        "img_name": "IMG_20250219_183945",
        "width": 4076,
        "height": 3034,
        "position": [
            -1.9555771220228741,
            0.04899444195219632,
            1.5401120949840408
        ],
        "rotation": [
            [
                0.28717807119897215,
                0.02203122357812229,
                0.9576238199888768
            ],
            [
                -0.012957382373246479,
                0.9997333400600966,
                -0.019114262065706634
            ],
            [
                -0.957789570659689,
                -0.00691910109290352,
                0.28738695929981684
            ]
        ],
        "fy": 2806.2931698826287,
        "fx": 2811.679136193571
    },
    {
        "id": 42,
        "img_name": "IMG_20250219_183943",
        "width": 4076,
        "height": 3034,
        "position": [
            -1.7066074264727102,
            0.048738083538503466,
            1.728072831642411
        ],
        "rotation": [
            [
                0.18297862588896366,
                0.022959727538081797,
                0.9828487540711258
            ],
            [
                -0.017589586163947856,
                0.999643689146252,
                -0.02007738052267822
            ],
            [
                -0.9829595255789366,
                -0.013614171346373348,
                0.18331728072438735
            ]
        ],
        "fy": 2806.2931698826287,
        "fx": 2811.679136193571
    },
    {
        "id": 43,
        "img_name": "IMG_20250219_183946",
        "width": 4076,
        "height": 3034,
        "position": [
            -2.1734816200287397,
            0.03862603675758843,
            1.2809037709604045
        ],
        "rotation": [
            [
                0.40333947459154784,
                0.014837832044566908,
                0.9149301104327214
            ],
            [
                -0.015459807924294761,
                0.9998363088125735,
                -0.009399463760879016
            ],
            [
                -0.9149198121011253,
                -0.010353468996688424,
                0.40350284150743787
            ]
        ],
        "fy": 2806.2931698826287,
        "fx": 2811.679136193571
    },
    {
        "id": 44,
        "img_name": "IMG_20250219_183948",
        "width": 4076,
        "height": 3034,
        "position": [
            -2.322693147973213,
            0.04159250574213019,
            1.0280391615635451
        ],
        "rotation": [
            [
                0.49972348686641943,
                0.021905303894434843,
                0.8659079595057203
            ],
            [
                -0.01787878574866698,
                0.9997280480859986,
                -0.01497260466026102
            ],
            [
                -0.866000453633958,
                -0.007999220677770136,
                0.4999792263427827
            ]
        ],
        "fy": 2806.2931698826287,
        "fx": 2811.679136193571
    },
    {
        "id": 45,
        "img_name": "IMG_20250219_184035",
        "width": 4076,
        "height": 3034,
        "position": [
            1.1714495498279356,
            0.13236461305365366,
            2.404382842540928
        ],
        "rotation": [
            [
                -0.9682259327760576,
                -0.0200170808066105,
                0.24927466693572314
            ],
            [
                -0.030648834915856772,
                0.9987752073817084,
                -0.03884242574718862
            ],
            [
                -0.24819184518882692,
                -0.045248222015974594,
                -0.9676535570058942
            ]
        ],
        "fy": 2806.2931698826287,
        "fx": 2811.679136193571
    },
    {
        "id": 46,
        "img_name": "IMG_20250219_184036",
        "width": 4076,
        "height": 3034,
        "position": [
            0.8962561795408334,
            0.13564332814080873,
            2.5075997878568153
        ],
        "rotation": [
            [
                -0.9376126800293876,
                -0.02505820751900728,
                0.3467773759691434
            ],
            [
                -0.03899735302675039,
                0.9986851128350414,
                -0.033275394191017424
            ],
            [
                -0.3454875811154683,
                -0.044722831278832975,
                -0.9373570289155508
            ]
        ],
        "fy": 2806.2931698826287,
        "fx": 2811.679136193571
    },
    {
        "id": 47,
        "img_name": "IMG_20250219_184037",
        "width": 4076,
        "height": 3034,
        "position": [
            0.7079486643303659,
            0.12591521090174188,
            2.5475659310537355
        ],
        "rotation": [
            [
                -0.913081029720036,
                -0.015157795664652673,
                0.40749634893577524
            ],
            [
                -0.032349761431574496,
                0.9988519210563452,
                -0.03533175253747088
            ],
            [
                -0.40649295947250874,
                -0.04544316266103737,
                -0.9125230916895438
            ]
        ],
        "fy": 2806.2931698826287,
        "fx": 2811.679136193571
    },
    {
        "id": 48,
        "img_name": "IMG_20250219_184039",
        "width": 4076,
        "height": 3034,
        "position": [
            0.529686342572735,
            0.12068529626138808,
            2.581339506790913
        ],
        "rotation": [
            [
                -0.8866666062603316,
                -0.004811818896873172,
                0.462384229555561
            ],
            [
                -0.02586406014791664,
                0.9988965262174891,
                -0.03920178954203273
            ],
            [
                -0.4616853687690904,
                -0.04671805121723905,
                -0.8858126460798651
            ]
        ],
        "fy": 2806.2931698826287,
        "fx": 2811.679136193571
    },
    {
        "id": 49,
        "img_name": "IMG_20250219_184040",
        "width": 4076,
        "height": 3034,
        "position": [
            0.3195425173828172,
            0.12039144225111263,
            2.613091642871831
        ],
        "rotation": [
            [
                -0.8504795344812283,
                -0.007584572455937659,
                0.5259534539189318
            ],
            [
                -0.03057083763523121,
                0.998918619985031,
                -0.03502876722754759
            ],
            [
                -0.5251190201419803,
                -0.0458700872885807,
                -0.8497917096425831
            ]
        ],
        "fy": 2806.2931698826287,
        "fx": 2811.679136193571
    },
    {
        "id": 50,
        "img_name": "IMG_20250219_184043",
        "width": 4076,
        "height": 3034,
        "position": [
            -0.04210819067518805,
            0.10860846878061656,
            2.625740569510235
        ],
        "rotation": [
            [
                -0.7768036941431669,
                -0.008512753707411133,
                0.6296852815413791
            ],
            [
                -0.03445489613373192,
                0.9989854291817188,
                -0.02899952439318009
            ],
            [
                -0.6287995554212349,
                -0.04422267864946514,
                -0.7763088778283571
            ]
        ],
        "fy": 2806.2931698826287,
        "fx": 2811.679136193571
    },
    {
        "id": 51,
        "img_name": "IMG_20250219_184042",
        "width": 4076,
        "height": 3034,
        "position": [
            0.12955968321787356,
            0.1137097816067028,
            2.617489527841036
        ],
        "rotation": [
            [
                -0.8141088600703146,
                -0.004076181320221707,
                0.5806979840681877
            ],
            [
                -0.03023501665431949,
                0.9989166007936247,
                -0.03537609965532181
            ],
            [
                -0.5799246569365072,
                -0.046357409383559305,
                -0.8133500985875143
            ]
        ],
        "fy": 2806.2931698826287,
        "fx": 2811.679136193571
    },
    {
        "id": 52,
        "img_name": "IMG_20250219_184044",
        "width": 4076,
        "height": 3034,
        "position": [
            -0.3222992326271337,
            0.09517866949579648,
            2.597273165276249
        ],
        "rotation": [
            [
                -0.7159658298666102,
                0.005865980878337191,
                0.698110679428234
            ],
            [
                -0.023172401997788458,
                0.9992140423392182,
                -0.03216111592858858
            ],
            [
                -0.6977506504827268,
                -0.03920316135790846,
                -0.7152671821707443
            ]
        ],
        "fy": 2806.2931698826287,
        "fx": 2811.679136193571
    },
    {
        "id": 53,
        "img_name": "IMG_20250219_184045",
        "width": 4076,
        "height": 3034,
        "position": [
            -0.49957266696340524,
            0.08701380070452999,
            2.5724191408299255
        ],
        "rotation": [
            [
                -0.67294896567267,
                0.00752643711620417,
                0.7396506218103385
            ],
            [
                -0.021894547829919515,
                0.9993074091235394,
                -0.030088716259130028
            ],
            [
                -0.7393648073687358,
                -0.03644248640165615,
                -0.672318099421292
            ]
        ],
        "fy": 2806.2931698826287,
        "fx": 2811.679136193571
    },
    {
        "id": 54,
        "img_name": "IMG_20250219_184048",
        "width": 4076,
        "height": 3034,
        "position": [
            -0.8845895694350631,
            0.07054341869374431,
            2.487011061733138
        ],
        "rotation": [
            [
                -0.5683117411719143,
                0.006342501396328881,
                0.822788877855179
            ],
            [
                -0.020844868944580194,
                0.999538371767358,
                -0.022102823424667697
            ],
            [
                -0.822549242468091,
                -0.029712220393237683,
                -0.5679171838168602
            ]
        ],
        "fy": 2806.2931698826287,
        "fx": 2811.679136193571
    },
    {
        "id": 55,
        "img_name": "IMG_20250219_184047",
        "width": 4076,
        "height": 3034,
        "position": [
            -0.6423402652330066,
            0.07801880418955319,
            2.5537959366595824
        ],
        "rotation": [
            [
                -0.6339391379401899,
                0.00026043629154277187,
                0.7733828945358094
            ],
            [
                -0.026258588676657868,
                0.9994161294056915,
                -0.021860622233964018
            ],
            [
                -0.7729370323049343,
                -0.03416624733101419,
                -0.6335621608295092
            ]
        ],
        "fy": 2806.2931698826287,
        "fx": 2811.679136193571
    },
    {
        "id": 56,
        "img_name": "IMG_20250219_184049",
        "width": 4076,
        "height": 3034,
        "position": [
            -1.106856805565755,
            0.054511574113040556,
            2.397821439175802
        ],
        "rotation": [
            [
                -0.5020813100755515,
                0.0058385570810134384,
                0.8648007107559692
            ],
            [
                -0.01823503320938083,
                0.9996834233644356,
                -0.0173359918728418
            ],
            [
                -0.86462815223463,
                -0.024473747191106766,
                -0.5018158965813608
            ]
        ],
        "fy": 2806.2931698826287,
        "fx": 2811.679136193571
    },
    {
        "id": 57,
        "img_name": "IMG_20250219_184050",
        "width": 4076,
        "height": 3034,
        "position": [
            -1.4105469738253555,
            0.047946717911286574,
            2.237049942673871
        ],
        "rotation": [
            [
                -0.39898562077070104,
                0.009084475050690832,
                0.9169121804901883
            ],
            [
                -0.016795372176222425,
                0.9997107694058718,
                -0.017213163781881435
            ],
            [
                -0.9168033539923817,
                -0.022267686161186056,
                -0.39871764478305505
            ]
        ],
        "fy": 2806.2931698826287,
        "fx": 2811.679136193571
    },
    {
        "id": 58,
        "img_name": "IMG_20250219_184053",
        "width": 4076,
        "height": 3034,
        "position": [
            -1.7789898674875677,
            0.03784899224777167,
            1.9735706698291973
        ],
        "rotation": [
            [
                -0.25264307334477,
                0.008741352696298667,
                0.9675200598664343
            ],
            [
                -0.014004710210542321,
                0.9998213980143845,
                -0.012690160144007149
            ],
            [
                -0.9674581880282106,
                -0.01675591912133524,
                -0.25247553067885875
            ]
        ],
        "fy": 2806.2931698826287,
        "fx": 2811.679136193571
    },
    {
        "id": 59,
        "img_name": "IMG_20250219_184052",
        "width": 4076,
        "height": 3034,
        "position": [
            -1.586463414193613,
            0.030597676660173274,
            2.1044748975775636
        ],
        "rotation": [
            [
                -0.3280383199049142,
                0.0013124297512186536,
                0.9446635052769369
            ],
            [
                -0.01749515116825049,
                0.9998190854284781,
                -0.007464321708078266
            ],
            [
                -0.9445023982815296,
                -0.018975614380297177,
                -0.3279560118359306
            ]
        ],
        "fy": 2806.2931698826287,
        "fx": 2811.679136193571
    },
    {
        "id": 60,
        "img_name": "IMG_20250219_184056",
        "width": 4076,
        "height": 3034,
        "position": [
            -2.1843802329584707,
            0.039854528117089255,
            1.6105840714515995
        ],
        "rotation": [
            [
                -0.07353431945220737,
                0.012859307367985164,
                0.9972097783699863
            ],
            [
                -0.015380031951606483,
                0.9997833308195986,
                -0.014026618710032489
            ],
            [
                -0.9971740863459444,
                -0.016368556114842635,
                -0.07332061027328518
            ]
        ],
        "fy": 2806.2931698826287,
        "fx": 2811.679136193571
    },
    {
        "id": 61,
        "img_name": "IMG_20250219_184055",
        "width": 4076,
        "height": 3034,
        "position": [
            -1.9999911090025075,
            0.025563350892382878,
            1.7791405990493518
        ],
        "rotation": [
            [
                -0.1563043539603862,
                0.005560002674177035,
                0.9876932900973304
            ],
            [
                -0.014521406957135836,
                0.999863139902254,
                -0.007926550623753918
            ],
            [
                -0.9876021859397698,
                -0.015581650588715912,
                -0.15620222306971054
            ]
        ],
        "fy": 2806.2931698826287,
        "fx": 2811.679136193571
    },
    {
        "id": 62,
        "img_name": "IMG_20250219_184057",
        "width": 4076,
        "height": 3034,
        "position": [
            -2.308757829811471,
            0.04519326870701618,
            1.47671213033136
        ],
        "rotation": [
            [
                -0.011604193124882698,
                0.015983292420620805,
                0.999804919504459
            ],
            [
                -0.013840249368652361,
                0.9997738929771448,
                -0.01614343268137375
            ],
            [
                -0.999836881795893,
                -0.014024880916480308,
                -0.011380356582489148
            ]
        ],
        "fy": 2806.2931698826287,
        "fx": 2811.679136193571
    },
    {
        "id": 63,
        "img_name": "IMG_20250219_184058",
        "width": 4076,
        "height": 3034,
        "position": [
            -2.485211424976065,
            0.04053617636692153,
            1.1788200221507683
        ],
        "rotation": [
            [
                0.10391387140011672,
                0.01668701135575137,
                0.9944463037201421
            ],
            [
                -0.009801733817454483,
                0.9998278682580831,
                -0.015753090765595328
            ],
            [
                -0.9945379999501336,
                -0.008110333316845887,
                0.10405954616794122
            ]
        ],
        "fy": 2806.2931698826287,
        "fx": 2811.679136193571
    },
    {
        "id": 64,
        "img_name": "IMG_20250219_184059",
        "width": 4076,
        "height": 3034,
        "position": [
            -2.5940240010103923,
            0.034890992504772685,
            0.962701956616693
        ],
        "rotation": [
            [
                0.18369660149026465,
                0.015758659393934768,
                0.9828566646541258
            ],
            [
                -0.00733129828431269,
                0.9998656423690214,
                -0.01466114850380799
            ],
            [
                -0.9829556504066667,
                -0.00451241222521048,
                0.18378745188264745
            ]
        ],
        "fy": 2806.2931698826287,
        "fx": 2811.679136193571
    },
    {
        "id": 65,
        "img_name": "IMG_20250219_184100",
        "width": 4076,
        "height": 3034,
        "position": [
            -2.6865150372093907,
            0.0011361944646661698,
            0.6943626737086523
        ],
        "rotation": [
            [
                0.2764862149911973,
                0.003970906696137292,
                0.961009679878331
            ],
            [
                -0.0034215343057301794,
                0.9999891928570664,
                -0.003147581939767914
            ],
            [
                -0.9610117928635613,
                -0.0024178645709414053,
                0.2764968135586384
            ]
        ],
        "fy": 2806.2931698826287,
        "fx": 2811.679136193571
    },
    {
        "id": 66,
        "img_name": "IMG_20250219_184102",
        "width": 4076,
        "height": 3034,
        "position": [
            -2.7762126160252514,
            0.009633386588483502,
            0.45486037487887404
        ],
        "rotation": [
            [
                0.35864981310606747,
                0.008923697088658106,
                0.9334295255611176
            ],
            [
                -0.003520156020393669,
                0.9999601244324878,
                -0.008207194804287773
            ],
            [
                -0.9334655430494343,
                -0.0003423086813342741,
                0.35866692454726257
            ]
        ],
        "fy": 2806.2931698826287,
        "fx": 2811.679136193571
    },
    {
        "id": 67,
        "img_name": "IMG_20250219_184103",
        "width": 4076,
        "height": 3034,
        "position": [
            -2.8259555787182635,
            -0.017705309212561915,
            0.15033462719862742
        ],
        "rotation": [
            [
                0.45478915762192873,
                -0.00025816285183723935,
                0.8905990991807022
            ],
            [
                0.0007504279450296571,
                0.9999997140732346,
                -9.333460479680632e-05
            ],
            [
                -0.8905988204390547,
                0.0007107780181359534,
                0.45478922131815436
            ]
        ],
        "fy": 2806.2931698826287,
        "fx": 2811.679136193571
    },
    {
        "id": 68,
        "img_name": "IMG_20250219_184105",
        "width": 4076,
        "height": 3034,
        "position": [
            -2.852639375602831,
            -0.015131756704660996,
            -0.19293175678704252
        ],
        "rotation": [
            [
                0.5569743546490069,
                0.0022587397433264348,
                0.8305266198973361
            ],
            [
                -0.0011418882483026373,
                0.9999974392608322,
                -0.001953858491981929
            ],
            [
                -0.8305289063931193,
                0.00013988048548383737,
                0.5569755076113303
            ]
        ],
        "fy": 2806.2931698826287,
        "fx": 2811.679136193571
    },
    {
        "id": 69,
        "img_name": "IMG_20250219_184106",
        "width": 4076,
        "height": 3034,
        "position": [
            -2.853730027254546,
            0.02121394312837618,
            -0.46841855555617434
        ],
        "rotation": [
            [
                0.6328631977822311,
                0.013625066826720513,
                0.7741437401715627
            ],
            [
                -0.00461923322708756,
                0.9998938007475215,
                -0.013822080562248849
            ],
            [
                -0.7742498534563906,
                0.005171535617486105,
                0.6328589255451128
            ]
        ],
        "fy": 2806.2931698826287,
        "fx": 2811.679136193571
    },
    {
        "id": 70,
        "img_name": "IMG_20250219_184107",
        "width": 4076,
        "height": 3034,
        "position": [
            -2.823634645207182,
            0.003623768693629515,
            -0.7228845786957245
        ],
        "rotation": [
            [
                0.6966954409451993,
                0.006509980917866957,
                0.7173374956843
            ],
            [
                0.003042233618397147,
                0.9999230187208841,
                -0.012029191441059153
            ],
            [
                -0.7173605839330631,
                0.010562991080350519,
                0.6966220035561976
            ]
        ],
        "fy": 2806.2931698826287,
        "fx": 2811.679136193571
    },
    {
        "id": 71,
        "img_name": "IMG_20250219_184109",
        "width": 4076,
        "height": 3034,
        "position": [
            -2.795779359367783,
            0.07126409346458153,
            -0.9349449940992205
        ],
        "rotation": [
            [
                0.7498263951383897,
                0.026611256266012046,
                0.6610992498813714
            ],
            [
                -0.007293456924314171,
                0.9994625667273171,
                -0.03195908629695532
            ],
            [
                -0.6615944245834154,
                0.019142067568256524,
                0.7496175015361846
            ]
        ],
        "fy": 2806.2931698826287,
